#                pH 7                pH 13
-1.70000    0.88200  0.11800  0.86447    0.13553
-1.65000    0.95223  0.04777  0.94408    0.05592
-1.60000    0.98169  0.01831  0.97788    0.02212
-1.55000    0.98039  0.01961  0.97455    0.02545
-1.50000    0.96748  0.03252  0.95198    0.04802
-1.45000    0.94660  0.05340  0.89833    0.10167
-1.40000    0.91320  0.08680  0.75825    0.24175
-1.35000    0.85894  0.14106  0.46996    0.53004
-1.30000    0.76949  0.23051  0.17737    0.82263
-1.25000    0.64248  0.35752  0.04645    0.95355
-1.20000    0.50056  0.49944  0.01056    0.98944
-1.15000    0.36515  0.63485  0.00231    0.99769
-1.10000    0.25037  0.74963  0.00050    0.99950
-1.05000    0.16294  0.83706  0.00011    0.99989
-1.00000    0.10187  0.89813  0.00002    0.99998
-0.95000    0.06172  0.93828  0.00000    1.00000
-0.90000    0.03626  0.96374  0.00000    1.00000
